1
3
4
7
9
11
12
14
16
19
21
22
25
27
29
30
34
39
40
42
43
45
46
48
49
51
53
55
56
57
58
59
61
62
64
67
68
70
71
73
75
76
78
81
83
84
87
88
89
91
93
94
95
96
99
101
103
106
107
109
110
112
113
115
117
118
119
120
122
125
126
130
132
135
136
137
138
139
140
142
145
146
147
149
151
155
156
158
161
163
164
165
166
167
168
170
171
172
175
176
177
178
181
182
185
187
189
190
196
197
199
201
203
205
206
210
213
214
215
216
217
218
220
222
224
229
231
232
234
236
238
239
243
244
245
246
248
253
254
255
258
259
261
263
264
266
268
271
272
